startprotime:4/6/2016 4:48:45 PM
????????:
recordNumLimit???:1000000000
minSupThreshold???:0.001
userList????:877919
videoList????:27640
******????????:
(0), (1), (2), (4), (5), (11), (12), (16), (17), (21), (22), (28), (30), (31), (32), (38), (45), (50), (58), (59), (64), (70), (71), (74), (75), (76), (77), (78), (79), (86), (89), (92), (93), (99), (100), (101), (108), (110), (112), (113), (121), (124), (126), (133), (134), (135), (137), (146), (148), (150), (160), (167), (168), (173), (176), (177), (182), (183), (184), (190), (195), (196), (197), (198), (199), (204), (206), (210), (222), (223), (224), (225), (231), (234), (235), (236), (237), (238), (239), (250), (254), (276), (281), (293), (298), (313), (318), (323), (324), (349), (357), (358), (361), (362), (387), (391), (396), (398), (406), (413), (426), (427), (433), (459), (485), (490), (496), (507), (509), (513), (527), (528), (529), (530), (531), (532), (533), (545), (549), (561), (566), (579), (585), (587), (592), (605), (621), (639), (660), (663), (675), (680), (684), (703), (705), (709), (713), (720), (723), (728), (742), (769), (776), (791), (793), (808), (816), (819), (846), (849), (857), (858), (881), (911), (923), (954), (967), (1012), (1036), (1049), (1051), (1074), (1083), (1084), (1103), (1125), (1172), (1179), (1293), (1297), (1301), (1354), (1451), (1482), (1497), (1498), (1537), (1564), (1659), (1694), (1730), (1805), (1853), (1861), (1904), (1979), (2063), (2090), (2221), (2382), (2632), (3002), (3049), (3599), (3768), (3884), (4017), (4164), (4782), (5023), (6112), (6767), (6776), (8105), (8177), (10920), (10952), (10958), (11542), (11648), (11651), (12281), (12285), (12291), (12292), (12425), (12934), (12990), (13289), (13463), (13508), (13615), (13673), (14100), (14539), (15072), (15090), (15862), (15923), (15924), (15994), (16199), (16848), (16849), (17484), (19673), (19898), (20189), (20194), (20196), (21075), (21333), (21981), (22359), (22767), (22771), (22794), (23154), (23398), (23541), (24138), (24550), (24560), (24860), (24861), (25050), (25410), (25703), 
???258???!
******????????:
(4,5), (4,21), (4,22), (4,74), (5,74), (21,74), (28,78), (28,93), (58,196), (58,197), (58,198), (58,592), (70,529), (70,530), (74,857), (78,93), (100,427), (100,705), (146,1179), (196,197), (196,198), (196,199), (197,198), (427,705), (496,776), (496,1084), (527,528), (527,532), (527,533), (528,529), (528,530), (528,532), (529,530), (529,532), (530,532), (680,1354), (1083,1084), (12990,13289), (12990,13463), (12990,13508), (12990,13615), (12990,13673), (13289,13463), (13289,13508), (13289,13615), (13289,13673), (13463,13508), (13463,13615), (13463,13673), (13508,13615), (13508,13673), (13615,13673), 
(7dab69238fa441b59a2ba38d00da7231,25046b8f278a41579f9fa38d00dabcf9), 
(7dab69238fa441b59a2ba38d00da7231,deccb14d942f4f11b49ba38d00db2fec), 
(7dab69238fa441b59a2ba38d00da7231,164e2ac4d063448882f2a48700675950), 
(7dab69238fa441b59a2ba38d00da7231,1eaf60b0bf4c47df90dfa38d00da3cde), 
(25046b8f278a41579f9fa38d00dabcf9,1eaf60b0bf4c47df90dfa38d00da3cde), 
(deccb14d942f4f11b49ba38d00db2fec,1eaf60b0bf4c47df90dfa38d00da3cde), 
(a1d44e15e03f447fb891a47b0183f2d9,9679e7786dd24339b280a484011c72eb), 
(a1d44e15e03f447fb891a47b0183f2d9,6496d55b0c3445efa5b0a47b017b5573), 
(cf4eb444ecc941c38af0a19601899324,3d07842e075041f2b62ea19601897e0b), 
(cf4eb444ecc941c38af0a19601899324,ac09463d672c4abd9072a19601897cf2), 
(cf4eb444ecc941c38af0a19601899324,406a94677a4245eebe1ca19601897f28), 
(cf4eb444ecc941c38af0a19601899324,22ff61375ef842819804a16f012ee208), 
(ab5eb296262a48bbbe83a5220001544a,766af72079c54d4babaaa52200089beb), 
(ab5eb296262a48bbbe83a5220001544a,99605841507f4607a3e8a5220008cf6f), 
(1eaf60b0bf4c47df90dfa38d00da3cde,890e448ddba24e37b7b4a38d00dbbd31), 
(9679e7786dd24339b280a484011c72eb,6496d55b0c3445efa5b0a47b017b5573), 
(19afe7276cd947f7abffa3cc01609d13,c9e389690f3a4552b355a3cc016007ca), 
(19afe7276cd947f7abffa3cc01609d13,6e0b907c02a6416bad27a3cc015f725f), 
(5297bfc9b7ad4e539a43a4050124fbe9,35b6ec20e65842659e90a418016aa92e), 
(3d07842e075041f2b62ea19601897e0b,ac09463d672c4abd9072a19601897cf2), 
(3d07842e075041f2b62ea19601897e0b,406a94677a4245eebe1ca19601897f28), 
(3d07842e075041f2b62ea19601897e0b,fd4ecd6d52db4d44a20ba19601898018), 
(ac09463d672c4abd9072a19601897cf2,406a94677a4245eebe1ca19601897f28), 
(c9e389690f3a4552b355a3cc016007ca,6e0b907c02a6416bad27a3cc015f725f), 
(19438050ffeb407dbdeda2de002c97d3,a27de4c3eaf544359a48a2de002ccd66), 
(19438050ffeb407dbdeda2de002c97d3,c8ab5f957e274a94aab4a2de002c49b8), 
(31842019a5e54e8f8b65a522000bd291,34325df5dc7e4e489965a5220009a08f), 
(31842019a5e54e8f8b65a522000bd291,57d102156af243198e80a5220009d915), 
(31842019a5e54e8f8b65a522000bd291,07e11a56a4294e419487a522000beb0e), 
(34325df5dc7e4e489965a5220009a08f,766af72079c54d4babaaa52200089beb), 
(34325df5dc7e4e489965a5220009a08f,99605841507f4607a3e8a5220008cf6f), 
(34325df5dc7e4e489965a5220009a08f,57d102156af243198e80a5220009d915), 
(766af72079c54d4babaaa52200089beb,99605841507f4607a3e8a5220008cf6f), 
(766af72079c54d4babaaa52200089beb,57d102156af243198e80a5220009d915), 
(99605841507f4607a3e8a5220008cf6f,57d102156af243198e80a5220009d915), 
(23fe77559a6c4d8fa0c5a50e00780c80,40e65e2e8d1b42e1b4f0a50e00763e26), 
(4c848ab2cf4d44a5862ca2de002bdb2f,c8ab5f957e274a94aab4a2de002c49b8), 
(e0d9ca0c28e6461684b1a56b015bba06,925824a9048246ebb17ca56b01560542), 
(e0d9ca0c28e6461684b1a56b015bba06,6676145569e84aabb5dea56b015988f4), 
(e0d9ca0c28e6461684b1a56b015bba06,642b0cd1796245708728a56b01578b9d), 
(e0d9ca0c28e6461684b1a56b015bba06,abf5c59e5539480992f6a56b015ada8e), 
(e0d9ca0c28e6461684b1a56b015bba06,8c96b5a146304de58fc5a56b016a2dbb), 
(925824a9048246ebb17ca56b01560542,6676145569e84aabb5dea56b015988f4), 
(925824a9048246ebb17ca56b01560542,642b0cd1796245708728a56b01578b9d), 
(925824a9048246ebb17ca56b01560542,abf5c59e5539480992f6a56b015ada8e), 
(925824a9048246ebb17ca56b01560542,8c96b5a146304de58fc5a56b016a2dbb), 
(6676145569e84aabb5dea56b015988f4,642b0cd1796245708728a56b01578b9d), 
(6676145569e84aabb5dea56b015988f4,abf5c59e5539480992f6a56b015ada8e), 
(6676145569e84aabb5dea56b015988f4,8c96b5a146304de58fc5a56b016a2dbb), 
(642b0cd1796245708728a56b01578b9d,abf5c59e5539480992f6a56b015ada8e), 
(642b0cd1796245708728a56b01578b9d,8c96b5a146304de58fc5a56b016a2dbb), 
(abf5c59e5539480992f6a56b015ada8e,8c96b5a146304de58fc5a56b016a2dbb), 
???52???!
******????????:
(4,5,74), (58,196,197), (58,196,198), (70,529,530), (100,427,705), (196,197,198), (527,528,532), (528,529,530), (528,530,532), (12990,13463,13508), (12990,13463,13615), (12990,13463,13673), (12990,13508,13615), (12990,13508,13673), (12990,13615,13673), (13289,13463,13508), (13289,13463,13673), (13289,13508,13673), (13463,13508,13615), (13463,13508,13673), (13463,13615,13673), (13508,13615,13673), 
???22???!
******????????:
(12990,13463,13508,13615), (12990,13463,13508,13673), (12990,13463,13615,13673), (12990,13508,13615,13673), (13289,13463,13508,13673), (13463,13508,13615,13673), 
???6???!
onetime:4/7/2016 9:44:55 AM
twotime:4/7/2016 9:57:16 AM
threetime:4/7/2016 10:12:08 AM
fourtime:4/7/2016 10:18:05 AM
endprotime:4/7/2016 10:20:36 AM
